01000111000001001001000000100001
00000010010111001000100010000100
10010010000001000000010000011100
00000000010100001000000011000010
00000100000000000000010010111011
10000100000001001000000000010010
01100000111100001010000111000011
01000011001101000010000100000100
01001001000000001000100000000010
00101101000000000000000100001100
01010010000100010001000000000101
00000001101010100010010110000110
00000001000000000010000110001101
01100000000001100000000011011000
00000100000001000000000001000000
00010100101000000101000110001100
00001010101010001100100000010101
00000001000001100000010000110000
10000010000001010001011000100010
00000110000010000100010100000010
