01011111100001011001000001101001
00100011010111001001110010000100
10010110100011100000010001111111
00000000010100001100000011100110
10100101011001000100010010111011
10001100001001011010000010010010
01101101111110001011111111100111
11000011011101100110100110000101
11001001101001001100101010010010
00101101001110011101100100101101
01011010010101110101101011000111
10001001101010100011011111000110
01011011100001000010110110101111
01110011101101110101000011111001
00100110010001010100110001001011
00110110101100100111111111011101
00101010101110101111110110011101
00110101100001110011011100110000
10100111010111110001011100111010
00100111010110010101010100010110
