01000111011001001111010000100111
10000110011111011000100111100100
11011011001101000011011110011100
00100100011111101011001011011010
00011110100100101000011011111111
10110111100101101001110000011111
01110000111100011010000111010011
01100011001111011010011100001110
01111011010100001001110001001111
00101101100000000010001101011100
11110110001100011011000000101101
00000011111110110110110110101111
10100101000000000110001111011101
01100000010011100000001011011010
11001101001101100000001101000000
11011101101001000101000110001100
10011110111011011100100001010111
00000011001101100000010010110111
10010010100001010011111000100011
11011110100011101110011111100010
