0010011001001010111000101001010111101001110110110000000010011110
0001001100100000011001000000011011111010010010001011100001001000
0000000110001011001100010100001011101011000101111000000000110001
0000000010001100101010111101000000101011101000110000010010010110
0010100001001000101010110111110101001011011010011110111011011101
0111011111000100011000001011010101011100000011000110110010011100
1001100010110011101100010010000010100010001100011101010010001010
0010001110101001011101000100101110001001110111000001010101010111
0001100100001001110110010100100111110110111001010011000101010101
0011010010101100111010011011110111111110010000101010111010101000
0010001000011101000001101100000100111101000111000110010000110000
0000101110000010110111101110000011100100000010111001100011011110
0100111100100001010111000001000000110011111011000101100000000000
0011011110001010100010011101010111101101110111101010011011111110
0001011110110111110001010110111110000001101111010100010011111000
1000010011000100111101001000001011011111111010101010110101101000
0011100110111000010101001110000100111011011000111000010100111110
0000010011001000111101010001001010101010000100011100011000101000
0000001101000111011111101110011010000010000011010011111001101001
0011011111111010101101111010001110001001001111000101011001111010
