01010111001111110001110010010110
01111000011100111010010100111110
00101100111000111100000010100111
00010100111111110110101010010011
01110010011011110010000000010001
10000001100010011101100000001101
11110010001011111000011111111010
01110110000010111000110011001011
10111110001110011110110001010001
01000100110010110000111101100100
01101110010001101010111101101100
01111001101100101010100110101111
11101001100011011101110100000000
01101011011101000100010000011110
00100010011000101100001101110111
10010101000010110110111001011100
01001010101000000100111000111001
00101001010111100011111000111000
01010110010110111101110101101011
01001000000101000100001001000110
