01110000010110111100001110001101
00101000101001100111010101011100
00001000110011011011101101100111
00000110101100110000100011010010
01011010000111100110111000001101
11101100101100000111110000001100
10100001011010010111110111101001
01001101010101101011010000100101
00100001101100100010011111000101
11000100000001010110000010111010
01001111001100010011111011100100
00011000001101101111001010000010
01010110101111000011010000111000
10000100010100100110011110010001
10110000100100111111000011001000
11100100000010111010001010110110
11000110000000010010111100101110
00011101100111000111001100010011
00001001101110001001010001111011
11000110110100011011100000011111
