10110111111111101111111011110010
11101111011111101111101111111101
00110111111111111111111110111110
11001101101111111111111110111011
11011111101011101010101111010111
01111110011101100111101010111011
11111011111010111111111100110111
11111111101011111011110101111101
11010011010111111111011111001111
00101100001101011111111111101011
01111111110011111111111111111011
11011001111111111111011100111110
11111111101111101110101100111111
01111111011111111111111111000111
01110101111111111110110101111111
11011111110111111111110111111111
11111001101111111111100111100001
11011001011111100011011101111110
10001111101101101111101011111111
01101111111111110011101110101111
