10010100110010101101101011110010
10001011010010100111101101111101
00110001111111100110011100110110
10001101100111000100110110111000
10010011101010001010001111000010
01111110011001100011101010010011
11110001101010010111001000010101
11001100101001111010100101111101
10010000000110110101001110001010
00101100001101001011010111101010
01110111000001111111100010111010
11011001111011111110011100010000
11111100101111000000101100001100
01101111011011000101111011000011
00110101110110000100010101001111
01011110010000111001000011010011
10101001001111111110000100100000
11001000011110100001011001101010
10000111001000001011001000101001
01101000101000110011101110101100
