00100011001101101010110000000010
01101101011101001010000010110101
00010111000010011011110110001010
11000001001110111011001100111011
11011111101001101010101001010101
00000110001101000111100000111000
00011010110000101011110100110110
01110011100011000011110000001101
01000011010001011110010101001101
00100100001101011111111011101001
01001111110010111100111111101011
11011001111110110011001100101110
01001111101001101110000000111011
01111100001111111110110101000111
01010001101111111010110001111001
10001101100111100110110100111101
01010001101001000011100111100001
01011001001101000010000100110110
00001011100101101111101011110110
00101111010111100000101110001011
