01000001011110011101110110111011
10100101110101010000111001110100
11000110010110011001110101001011
01010110001110111111111100101011
10011110110101100010111001001101
00010101101011110011010010001011
10110111011011000100000101010010
00110001001110000101100111001110
00100101100111010011100000100011
01110001001100100111111101010001
00001110111001011100011101110101
00000001110011111011100111101000
10101110111001100101010101111000
00011010111101100001100111000000
10010001010100100100011000010010
00110001010111101011110101001000
11111100011010100110100110101101
01111111001100111010000000110010
00110111000100001010010100110000
11000001100000010111100000000111
