00010011111000001011010000100011
00011101001110011000010011010100
10100000100111010111001110101011
11000011110010000110101000000100
00111101111010110010111011000100
11000001000000101111001101010111
00110000110110111000101110101111
10101010100000100101110010010111
10000101101001101110101111111110
00101000000010101100101001001010
00101001010001011011110000010111
01011101101110101111010001110100
00110101101110001001000101011011
00011010111010011000101110101110
00100010111010010110110100100110
00110010011011111101010001001101
11000010100100100001101111011000
11101101010111110110001000110000
11010011101000101100000011011100
10100000100100011110001101101110
