1010000111100010110100011010100100000000000000000000000000000000
0000111001001101110111111110011000000000000000000000000000000000
0011111010011111011001010101100000000000000000000000000000000000
0001001111100110000011011000100100000000000000000000000000000000
1011010111001100101011010111010000000000000000000000000000000000
0011000000010010110000000101001000000000000000000000000000000001
0000101011001011000011100001110100000000000000000000000000000101
0000000111011010011110000110110000000000000000000000000000111011
1001100110010101101001011101101000000000000000000000000000000000
1000000100111000011001101101000100000000000000000000000000000000
0000000000000000100100100001101100000000000000000010011011000011
0000000000000000000101111100101100000000000000011001010110101110
0000000000000000001101110011101000000000000000000100110111100101
0000000000000000000111101001001000000000000000000001110011101000
0000000000000000000000111000110100000000000000101000000001011000
0000000000000000010011001010101000000000000000001100110110010111
0000000000000000000000001101100100000000000000011101111111010100
0000000000000000000000011011011000000000000000011100000101101010
0000000000000000000011110010010100000000000000100100111011111100
0000000000000000000001111100111000000000000000101110011010100001
