10100001111000101101000110101001
00001110010011011101111111100110
00111110100111110110010101011000
00010011111001100000110110001001
10110101110011001010110101110100
11101001101101010001001010100111
10000011100100110101110110100101
10101111010011110101111101010110
10011001100101011010010111011010
10000001001110000110011011010001
00011110101001010110110110000100
00101001100010010101011001111111
00010101011011010001011000001100
00000100100011110001100010101010
10111101000110110000000001111101
10001100000000111001101010010010
11011011110110100101011111001001
00111110110101011101111011000100
10011111111010010100010100010001
11101110011111110010011001100101
