10101100111110001100100000100001
01111001001110100100001011010110
10001101000001011111100010111010
11111000001010001110010100100000
11000011110111101111110111101001
10111001101000100101001001010101
00011000001010000000111111101000
00000010111100001010000000011110
10111101000001111111010100000101
10101110101100010100101000100101
00000000000000001100101001100011
00000000000000000001101000110110
00000000000000000100011001101010
00000000000000000010100001011111
00000000000000000100101110011010
00000000000000001010111001011000
00000000000000000111010101001100
00000000000000000010001111001011
00000000000000000100010101000101
00000000000000000101001000110111
