11100111000000000100100100001100
01111000001111011110100000000000
01000000000000000000000000000000
11000111110110001000100110110000
01001001111010010000000000000000
10011000111011100000000000000000
01110000000010000000000000000000
11110000000000000000000000000000
11111000110000000000000000000000
11001111110000000000000000000000
00001011011011001000010100000000
10011111100000000000000000000000
00010100111100010000000000000000
00000011100110000000000000000000
10000000000000000000000000000000
11110011011101111000000000000000
00111011011001010101100001111000
00011010110000000000000000000000
01001101101000011000000000000000
00101001011010001101111001100000
