01111001110000000001001001000011
11011011010111100000111101111010
11101001010100010000001010111001
01110001111101100010001001101100
11101001100111110100100111101001
00110101011001111001100011101110
01100100101101000001110000000010
01011001010011101101001100011110
10100010010001110110111111100011
01001101110010000110111001111110
11010000010110110110010000101000
11101010011010100000111100111111
11110100001000101001111000100000
00101001111000100010000001110011
10101100110111001100011111001111
11111010111100110111011110000000
11100111011011001010101100001111
11100101111110000000000001101011
01011100110001001001101101000011
00000001010010110100011011110011
