00000000000000000000000000000010
00000000000000000000000000001010
00000000000000000000000000011110
00000000000000000000000000000010
00000000000000000000000000010000
00000000000000000000000000010000
00000000000000000000000000010010
00000000000000000000000000011011
00000000000000000000000000010110
00000000000000000000000000010101
00000000000000000000000000000101
00000000000000000000000000010111
00000000000000000000000000001011
00000000000000000000000000010011
00000000000000000000000000011111
00000000000000000000000000001000
00000000000000000000000000000011
00000000000000000000000000010110
00000000000000000000000000001111
00000000000000000000000000000101
