01001110101011101111101101110111
10000011100100100100101101000101
10000000000000000000000000000000
01100010011000010110011010100000
00001010110001111010001000110010
10000100110111110001110000111000
10101100100011010000011001011100
10110111011001010110111001101110
10010101110111111110101001110001
11010001101011010111111011011100
11111110000110011100011001101011
10101010111110000111100000000111
00100010011100101110100110011101
11100011110010101110010110101111
01001001100110110110111100110101
01101100000101001010001000011011
00101000010110101110101110111010
11011101111010101111010100100101
11101100111010100010110000010000
10000000000000000000000000000000
