01011111001011010010001010001100
11101111000110001001011001101110
10101000100101100010011001000111
00110010101110110100110111100100
01001010100111100001000010011000
10000010000001000111100011101110
00000100010101100010101100010000
10110111100011100001001111111111
10001110110000111111100101111000
00101110010101101111110101000101
01101010111001110110000010011110
10001110101111011001011011001001
01011001011001001111111010001011
10010110001001001100000110010110
01000111010001101011010000100010
01000010000111110101111101001011
00010010101110111000110110000001
10000010000101111010101110010011
10100011001110111110000100101010
10001011100000010100011011111010
