00010000011111100010011100010101
01101011100001100100101100101001
00110111011001100000111010111100
11010000010110011110011101000100
00111111110101100110111001100110
11111101001001010101110010110110
01010111110010010010010010110100
00000000001010001010010110010001
11111000111001000000111100000111
01011100101010010111111001101001
01101100110011011001101000110011
11100011110001010001111011000010
00110110111100100001010011101110
10110010010110011101101111100111
11111101101010110100010011101101
11010110000010101011110100110000
11101010011000001010000111000111
10100100001011001011011001101110
10110110010100011011010100011010
00101111001001111110111001101000
