11110100011111101000110110000010
11101000001100110000000010111010
11100011100111101000000100001001
00111000000001100101101011110000
10100011110101001011110100011010
01111111111111111111111111111111
01100110011001010011111011110000
00101101010111011000010101100010
00001010011011010000001101111010
10000000010111111001011011101110
01000011001010010111111110110111
11000000100110110001111001001010
00011101010111111001110010011000
00110101010101111010110111010000
10010101100010100111011001100101
00000100110110000101110110000000
10100001000111011011111110010110
01111110001111101000011011101110
10000101111110010011000010111101
01111101111101000101011111001101
