10110110011101101011011101000010
10100101011000011001111111110010
10010101101110010011111110111011
11011010001100110110100011001111
10111111001011110111100110111101
00101001010001011111111101011110
00100111000001010101010001010101
11001010000000000101101100111111
01010010000011100001010100010011
11110101100111011110111011101100
00111110110111111110010010001001
10001010010111110011101000011010
11000110011000101001011100110101
01110001100110011101101100110101
11011100100101000000101000101110
01111000101111000000100110001110
11111110011111100110011100000010
00101100111001011000111000111011
11000010101001000001111010000100
00010101100100010010001110111001
