00111110000001111101011001000000
01000010110100010110000011001000
01001101111001010100000101001110
01011101110100101111001000100001
11100100101001010100001101011101
01101100100110011000110010111111
00111111010111111110101010011011
01100011010111010010101000100011
10111000010111101110111001100111
10001010110000011010100000000010
00000100010010011001101100101110
00110110001110111110010000110000
01010110111111010000010101100011
11000011101111011101001010011011
10111000111101100110110000110111
10001100000111000101001111110010
10100010100111110101100010010100
01010001010110001111100010110011
11000011010101010001001000111001
01101000011000110011010000010100
